7 0.212812 0.748759 0.109728 0.197192
7 0.625978 0.802826 0.134538 0.244275
7 0.803465 0.825734 0.132636 0.249366
7 0.034851 0.774846 0.068696 0.206105
7 0.359280 0.651431 0.061060 0.145036
7 0.313003 0.636803 0.065842 0.131033
7 0.452792 0.641250 0.068709 0.132319
7 0.578274 0.586549 0.050571 0.094149
7 0.585904 0.682609 0.079198 0.143768
7 0.538193 0.559194 0.035299 0.080163
8 0.135041 0.676241 0.265272 0.253170
8 0.389341 0.585906 0.214687 0.120870
8 0.787711 0.536929 0.221372 0.083967
8 0.929164 0.727129 0.141671 0.326975
