7 0.653166 0.763401 0.191723 0.468196
8 0.356246 0.344189 0.100102 0.138676
8 0.071201 0.503858 0.140824 0.292624
8 0.458047 0.314927 0.128945 0.136134
8 0.458896 0.680079 0.556512 0.583943
8 0.831742 0.513401 0.206148 0.390586
7 0.810533 0.342279 0.065324 0.104323
7 0.065264 0.530574 0.128949 0.221371
7 0.859736 0.564291 0.116223 0.273538
7 0.628988 0.404619 0.070414 0.134862
7 0.357527 0.346731 0.039852 0.095419
3 0.655709 0.223960 0.130645 0.142496
7 0.334613 0.781210 0.211234 0.427481
7 0.198879 0.729684 0.128102 0.477094
