7 0.516594 0.765875 0.055132 0.199750
4 0.544865 0.659638 0.042410 0.129775
7 0.385476 0.827581 0.086937 0.284987
7 0.098160 0.783681 0.065028 0.215012
7 0.135267 0.755694 0.060076 0.166663
7 0.281931 0.793225 0.073514 0.213750
7 0.203122 0.763963 0.069979 0.157750
7 0.954816 0.840300 0.066438 0.223925
7 0.722983 0.740425 0.069271 0.143775
7 0.457222 0.783044 0.084819 0.239188
4 0.512705 0.620200 0.034632 0.068700
4 0.846674 0.665356 0.081986 0.296438
4 0.608476 0.646281 0.055132 0.217562
4 0.386542 0.611931 0.057958 0.146313
8 0.875653 0.802131 0.089056 0.300262
8 0.054028 0.756969 0.108056 0.352412
4 0.953403 0.684444 0.086236 0.339687
7 0.812392 0.812944 0.068563 0.212463
4 0.569601 0.627831 0.029687 0.068713
