10 0.463547 0.636253 0.117719 0.098194
1 0.143078 0.824235 0.035531 0.179585
1 0.172056 0.844909 0.024288 0.133068
1 0.197747 0.837156 0.019619 0.148574
1 0.226244 0.822947 0.039237 0.179585
13 0.100119 0.647882 0.061663 0.069767
8 0.520069 0.774499 0.488625 0.302325
8 0.160844 0.779663 0.231700 0.281659
9 0.454950 0.690514 0.079413 0.033596
1 0.335553 0.713768 0.084081 0.074935
13 0.372456 0.659507 0.038300 0.064598
13 0.732619 0.529663 0.046713 0.081400
5 0.188406 0.502532 0.213950 0.288107
5 0.328544 0.631085 0.055125 0.105938
5 0.308459 0.594909 0.078481 0.121452
5 0.044994 0.828760 0.089688 0.186041
5 0.898919 0.800981 0.198063 0.244192
5 0.890131 0.536768 0.219737 0.294572
