4 0.189409 0.593037 0.048740 0.135662
4 0.070861 0.585936 0.050206 0.131781
4 0.137776 0.583995 0.058895 0.151187
4 0.265424 0.658927 0.072751 0.329452
4 0.309075 0.703425 0.082931 0.465297
4 0.369807 0.696393 0.080746 0.525845
4 0.476722 0.719589 0.115656 0.556986
4 0.617841 0.724817 0.109820 0.549087
4 0.673843 0.514224 0.063265 0.179589
4 0.718933 0.582078 0.086555 0.266164
4 0.923689 0.578836 0.087275 0.373379
7 0.836041 0.833995 0.109820 0.304886
7 0.954602 0.844315 0.089460 0.302329
7 0.145411 0.940594 0.103265 0.112420
