5 0.776526 0.612750 0.066795 0.116286
6 0.716423 0.467018 0.017821 0.038750
6 0.745923 0.470125 0.030051 0.038750
6 0.760949 0.421286 0.020051 0.040286
6 0.776526 0.460054 0.028949 0.055821
13 0.664692 0.625964 0.056769 0.083786
1 0.681910 0.691054 0.133564 0.074393
2 0.525526 0.550732 0.159154 0.224821
4 0.302910 0.573232 0.428538 0.713179
5 0.021846 0.209661 0.042308 0.097679
5 0.105885 0.200357 0.052333 0.082143
5 0.049128 0.339893 0.094615 0.116286
5 0.482115 0.205982 0.217051 0.411964
5 0.598436 0.346857 0.080154 0.241857
5 0.743141 0.491839 0.089051 0.234107
5 0.830526 0.567018 0.081256 0.350393
6 0.734795 0.432143 0.030051 0.031000
1 0.125372 0.034464 0.084590 0.063571
1 0.303462 0.170125 0.080154 0.058893
1 0.193833 0.192589 0.081256 0.038750
1 0.193821 0.159268 0.083487 0.027893
1 0.691936 0.775536 0.117974 0.057357
1 0.694705 0.729036 0.130231 0.023286
